MY_ACCOUNT_ID=0.0.3561058
MY_ACCOUNT_PRIVATE_KEY=932c4455af1a4f2a01403f0f7c395d8153445faf38e791bcf51e27566dfbe412

ACCOUNT1_ID=0.0.3837381
ACCOUNT1_PRIVATE_KEY=302e020100300506032b657004220420c653666130ce109658e78e0e31b4db485c6794036e6d5b0e26b66630ab933afe
ACCOUNT2_ID=0.0.3837382
ACCOUNT2_PRIVATE_KEY=302e020100300506032b657004220420308e003635b693ddf289ab31106b60b5a47dbf1036dbf84ab49b1df2da2bb924
ACCOUNT3_ID=0.0.3837383
ACCOUNT3_PRIVATE_KEY=302e020100300506032b657004220420215f5d42497897b62a4120e7f0bc3e3a41aa472768c3b4e1e19ed70ed9114f70
ACCOUNT4_ID=0.0.3837384
ACCOUNT4_PRIVATE_KEY=302e020100300506032b657004220420098fc0b658b380f92b9ddfee581979676d91040de7ca2fdec59c301f7d90bdf8
ACCOUNT5_ID=0.0.3837385
ACCOUNT5_PRIVATE_KEY=302e020100300506032b6570042204201396ac4b71dc45d254a84fc6a27f74f071b396812dc44a1e802809f5a8a2d229
