MY_ACCOUNT_ID=0.0.3561058
MY_ACCOUNT_PRIVATE_KEY=932c4455af1a4f2a01403f0f7c395d8153445faf38e791bcf51e27566dfbe412

ACCOUNT1_ID=0.0.3837381
ACCOUNT1_PRIVATE_KEY=302e020100300506032b657004220420c653666130ce109658e78e0e31b4db485c6794036e6d5b0e26b66630ab933afe

TOPIC_ID = 0.0.3840187
